S0_40_10_0.5    1.86    0.08    40  10  0.5
S0_80_20_0.5    1.86    0.08    80  20  0.5
S0_120_30_0.5   1.86    0.08    120 30  0.5
S0_80_10_0.5    1.86    0.08    80  10  0.5
S0_80_30_0.5    1.86    0.08    80  30  0.5
S0_40_20_0.5    1.86    0.08    40  20  0.5
S0_120_20_0.5   1.86    0.08    120 20  0.5
S0_40_10_0.25   1.86    0.08    40  10  0.25
S0_80_20_0.25   1.86    0.08    80  20  0.25
S0_120_30_0.25  1.86    0.08    120 30  0.25
S0_80_10_0.25   1.86    0.08    80  10  0.25
S0_80_30_0.25   1.86    0.08    80  30  0.25
S0_40_20_0.25   1.86    0.08    40  20  0.25
S0_120_20_0.25  1.86    0.08    120 20  0.25
S0_40_10_0.125  1.86    0.08    40  10  0.125
S0_80_20_0.125  1.86    0.08    80  20  0.125
S0_120_30_0.125 1.86    0.08    120 30  0.125
S0_80_10_0.125  1.86    0.08    80  10  0.125
S0_80_30_0.125  1.86    0.08    80  30  0.125
S0_40_20_0.125  1.86    0.08    40  20  0.125
S0_120_20_0.125 1.86    0.08    120 20  0.125
S5_40_10_0.5    5.66    1.2 40  10  0.5
S5_80_20_0.5    5.66    1.2 80  20  0.5
S5_120_30_0.5   5.66    1.2 120 30  0.5
S5_160_40_0.5   5.66    1.2 160 40  0.5
S5_80_10_0.5    5.66    1.2 80  10  0.5
S5_80_30_0.5    5.66    1.2 80  30  0.5
S5_80_40_0.5    5.66    1.2 80  40  0.5
S5_40_20_0.5    5.66    1.2 40  20  0.5
S5_120_20_0.5   5.66    1.2 120 20  0.5
S5_160_20_0.5   5.66    1.2 160 20  0.5
S5_40_10_0.25   5.66    1.2 40  10  0.25
S5_80_20_0.25   5.66    1.2 80  20  0.25
S5_120_30_0.25  5.66    1.2 120 30  0.25
S5_160_40_0.25  5.66    1.2 160 40  0.25
S5_80_10_0.25   5.66    1.2 80  10  0.25
S5_80_30_0.25   5.66    1.2 80  30  0.25
S5_80_40_0.25   5.66    1.2 80  40  0.25
S5_40_20_0.25   5.66    1.2 40  20  0.25
S5_120_20_0.25  5.66    1.2 120 20  0.25
S5_160_20_0.25  5.66    1.2 160 20  0.25
S5_40_10_0.125  5.66    1.2 40  10  0.125
S5_80_20_0.125  5.66    1.2 80  20  0.125
S5_120_30_0.125 5.66    1.2 120 30  0.125
S5_160_40_0.125 5.66    1.2 160 40  0.125
S5_80_10_0.125  5.66    1.2 80  10  0.125
S5_80_30_0.125  5.66    1.2 80  30  0.125
S5_80_40_0.125  5.66    1.2 80  40  0.125
S5_40_20_0.125  5.66    1.2 40  20  0.125
S5_120_20_0.125 5.66    1.2 120 20  0.125
S5_160_20_0.125 5.66    1.2 160 20  0.125
