S5_40_10_0.25_3.5_1.5   5.66    1.2 40  10  0.25    3.5 1.5
S5_80_20_0.25_3.5_1.5   5.66    1.2 80  20  0.25    3.5 1.5
S5_80_10_0.25_3.5_1.5   5.66    1.2 80  10  0.25    3.5 1.5
S5_40_20_0.25_3.5_1.5   5.66    1.2 40  20  0.25    3.5 1.5
S5_40_10_0.125_3.5_1.5  5.66    1.2 40  10  0.125   3.5 1.5
S5_80_20_0.125_3.5_1.5  5.66    1.2 80  20  0.125   3.5 1.5
S5_80_10_0.125_3.5_1.5  5.66    1.2 80  10  0.125   3.5 1.5
S5_40_20_0.125_3.5_1.5  5.66    1.2 40  20  0.125   3.5 1.5
S5_40_10_0.25_3_1.75    5.66    1.2 40  10  0.25    3.0 1.75
S5_80_20_0.25_3_1.75    5.66    1.2 80  20  0.25    3.0 1.75
S5_80_10_0.25_3_1.75    5.66    1.2 80  10  0.25    3.0 1.75
S5_40_20_0.25_3_1.75    5.66    1.2 40  20  0.25    3.0 1.75
S5_40_10_0.125_3_1.75   5.66    1.2 40  10  0.125   3.0 1.75
S5_80_20_0.125_3_1.75   5.66    1.2 80  20  0.125   3.0 1.75
S5_80_10_0.125_3_1.75   5.66    1.2 80  10  0.125   3.0 1.75
S5_40_20_0.125_3_1.75   5.66    1.2 40  20  0.125   3.0 1.75
S5_40_10_0.25_3_2   5.66    1.2 40  10  0.25    3.0 2.0
S5_80_20_0.25_3_2   5.66    1.2 80  20  0.25    3.0 2.0
S5_80_10_0.25_3_2   5.66    1.2 80  10  0.25    3.0 2.0
S5_40_20_0.25_3_2   5.66    1.2 40  20  0.25    3.0 2.0
S5_40_10_0.125_3_2  5.66    1.2 40  10  0.125   3.0 2.0
S5_80_20_0.125_3_2  5.66    1.2 80  20  0.125   3.0 2.0
S5_80_10_0.125_3_2  5.66    1.2 80  10  0.125   3.0 2.0
S5_40_20_0.125_3_2  5.66    1.2 40  20  0.125   3.0 2.0
