S5_80_10_0.125_vk_2ord  5.66    1.2 80  10  0.125   vk  2.0
S5_80_10_0.125_vk_1.9ord    5.66    1.2 80  10  0.125   vk  1.9
S5_80_10_0.125_vk_1.8ord    5.66    1.2 80  10  0.125   vk  1.8
S5_80_10_0.125_vk_1.7ord    5.66    1.2 80  10  0.125   vk  1.7
S5_80_10_0.125_vk_1.6ord    5.66    1.2 80  10  0.125   vk  1.6
S5_80_10_0.125_vk_1.5ord    5.66    1.2 80  10  0.125   vk  1.5
S5_80_10_0.125_vk2_2ord 5.66    1.2 80  10  0.125   vk2 2.0
S5_80_10_0.125_vk2_1.5ord   5.66    1.2 80  10  0.125   vk2 1.5
S5_80_10_0.125_mm_2ord  5.66    1.2 80  10  0.125   mm  2.0
S5_80_10_0.125_mm_1.5ord    5.66    1.2 80  10  0.125   mm  1.5
S5_80_10_0.125_vk_1.4ord    5.66    1.2 80  10  0.125   vk  1.4
S5_80_10_0.125_vk_1.3ord    5.66    1.2 80  10  0.125   vk  1.3
S5_80_10_0.125_vk_1.2ord    5.66    1.2 80  10  0.125   vk  1.2
S5_80_10_0.125_vk_1.1ord    5.66    1.2 80  10  0.125   vk  1.1
S5_80_10_0.125_vk_1ord  5.66    1.2 80  10  0.125   vk  1.0
